# name: debug
# type: sparse matrix
# nnz: 7056
# rows: 84
# columns: 84

1 1 1.21837944e+09
2 1 -617715.661
3 1 -804131.078
4 1 517770.856
5 1 -205962138
6 1 -1188244.76
7 1 16934.2362
8 1 -631.754835
9 1 1409.64011
10 1 -339.244823
11 1 -12520.1673
12 1 -1447.17776
13 1 24549.6691
14 1 -805.045502
15 1 2020.03106
16 1 -371.747914
17 1 -22971.9576
18 1 -4408.08049
19 1 18790.9106
20 1 -610.156424
21 1 2503.17003
22 1 -385.001046
23 1 -14108.4171
24 1 -415.293559
25 1 26954.2452
26 1 -1049.18622
27 1 1968.60104
28 1 -567.587747
29 1 -19377.9103
30 1 -1346.58129
31 1 21103.5668
32 1 -696.562123
33 1 1542.39438
34 1 -336.396719
35 1 -14914.9124
36 1 -936.59976
37 1 246645.105
38 1 -22220.9295
39 1 -32644.1799
40 1 -340189.828
41 1 -3439231.49
42 1 -73254.8553
43 1 23255.2353
44 1 -871.711357
45 1 2431.36763
46 1 -464.844108
47 1 -17477.5247
48 1 -1383.56385
49 1 -13233.6393
50 1 305.227706
51 1 1230.89341
52 1 245.948947
53 1 9922.45454
54 1 274.227053
55 1 13617.533
56 1 181.69453
57 1 1082.99486
58 1 52.8477178
59 1 -10122.4195
60 1 1048.59613
61 1 31522.9753
62 1 -642.42061
63 1 2199.5842
64 1 -112.936578
65 1 -22615.0461
66 1 -4299.31598
67 1 17243.8468
68 1 -211.113659
69 1 985.56228
70 1 -37.2289935
71 1 -12611.9838
72 1 -1756.44539
73 1 29542.2445
74 1 -726.398017
75 1 2321.86874
76 1 -279.175126
77 1 -26715.109
78 1 -317.605641
79 1 18364.1461
80 1 1213.7836
81 1 2695.22908
82 1 769.979197
83 1 -13760.6689
84 1 991.694338
1 2 -617715.661
2 2 1.21439976e+09
3 2 -6574119.26
4 2 214406019
5 2 -479029.147
6 2 -50065373.6
7 2 -337.466841
8 2 15684.7666
9 2 1499.44835
10 2 11458.1487
11 2 142.2138
12 2 1036.39332
13 2 -1294.98709
14 2 24285.5641
15 2 4071.61339
16 2 24128.3489
17 2 681.310567
18 2 1938.02576
19 2 -779.102048
20 2 17829.3571
21 2 216.93112
22 2 13046.0808
23 2 532.496217
24 2 1807.15758
25 2 -425.44536
26 2 24758.9424
27 2 1222.06281
28 2 17915.1051
29 2 145.761239
30 2 1486.76846
31 2 -491.508628
32 2 19645.334
33 2 770.253507
34 2 14002.336
35 2 211.19841
36 2 1203.8118
37 2 7286.31722
38 2 266957.943
39 2 8002.6971
40 2 3681358.11
41 2 -98297.6571
42 2 -561264.896
43 2 -820.790741
44 2 21669.0106
45 2 1425.91562
46 2 16193.3173
47 2 442.068863
48 2 1849.55051
49 2 449.582171
50 2 -12324.8853
51 2 -491.333073
52 2 -9083.65261
53 2 -359.696387
54 2 852.341576
55 2 -96.7024962
56 2 12115.2805
57 2 -1275.62291
58 2 9024.75997
59 2 146.417374
60 2 718.037381
61 2 -1426.09526
62 2 29976.5928
63 2 5043.30731
64 2 22188.8019
65 2 672.263434
66 2 1843.26783
67 2 -426.386443
68 2 16844.4011
69 2 2025.93738
70 2 12594.9271
71 2 190.748361
72 2 827.788895
73 2 -859.847741
74 2 27185.1347
75 2 896.345607
76 2 25075.8158
77 2 372.057644
78 2 2113.67909
79 2 -1808.18012
80 2 17128.5122
81 2 -1435.59036
82 2 12526.5858
83 2 1471.55387
84 2 1829.18517
1 3 -804131.078
2 3 -6574119.26
3 3 1.15350961e+09
4 3 1585979.13
5 3 46603539.3
6 3 -38741.7091
7 3 -581.074522
8 3 -3896.40298
9 3 -712.770644
10 3 -2873.57436
11 3 461.383345
12 3 -203.841895
13 3 -736.913809
14 3 -3506.92595
15 3 -1042.29805
16 3 -1810.57084
17 3 620.377618
18 3 -161.954465
19 3 -1372.50877
20 3 -4414.66066
21 3 -468.564542
22 3 -3237.18434
23 3 1047.66853
24 3 -416.415137
25 3 -702.056619
26 3 -3887.12204
27 3 -1029.03453
28 3 -2869.97831
29 3 578.682558
30 3 -194.206725
31 3 -502.629485
32 3 -2019.45054
33 3 -870.777618
34 3 -1495.73974
35 3 421.068774
36 3 -101.348933
37 3 18727.562
38 3 13417.1761
39 3 -2842.62282
40 3 266586.031
41 3 -301900.397
42 3 -53117.4066
43 3 -1136.58188
44 3 -4803.41975
45 3 -845.418762
46 3 -3552.78373
47 3 897.649996
48 3 -328.050945
49 3 1044.37956
50 3 3152.57194
51 3 -111.43203
52 3 2318.84605
53 3 -773.748148
54 3 -241.707738
55 3 -276.754862
56 3 -3190.86255
57 3 275.015988
58 3 -2372.62921
59 3 185.980795
60 3 -211.73702
61 3 -328.346562
62 3 -5340.57153
63 3 -1957.69601
64 3 -3905.68852
65 3 327.591173
66 3 -245.054581
67 3 -23.6868688
68 3 -2250.88859
69 3 -949.945829
70 3 -1624.6248
71 3 56.8836217
72 3 -99.7462053
73 3 -749.715389
74 3 -1095.97419
75 3 -1044.0745
76 3 -157.898187
77 3 621.208208
78 3 -16.7243452
79 3 -1209.48613
80 3 -4596.54977
81 3 -2.45714604
82 3 -3343.84969
83 3 876.940855
84 3 -567.684749
1 4 517770.856
2 4 214406019
3 4 1585979.13
4 4 2.82247307e+10
5 4 161269248
6 4 -8.73355709e+09
7 4 -122.518248
8 4 11415.7843
9 4 1152.14964
10 4 8349.07075
11 4 12.508644
12 4 738.383764
13 4 -815.278551
14 4 22155.6258
15 4 3969.47527
16 4 25959.1587
17 4 417.354347
18 4 1701.00579
19 4 -277.615073
20 4 12962.8771
21 4 232.137736
22 4 9490.69977
23 4 170.071068
24 4 1293.78761
25 4 -127.691067
26 4 17762.5419
27 4 998.338743
28 4 12905.2516
29 4 -25.3272339
30 4 1054.7483
31 4 -214.288727
32 4 13924.4977
33 4 639.751193
34 4 9977.2523
35 4 53.4152981
36 4 842.81214
37 4 71758.0328
38 4 1896168.05
39 4 59123.9847
40 4 27838457.7
41 4 -930907.329
42 4 -4279439.15
43 4 -344.867581
44 4 15890.3177
45 4 1097.47471
46 4 11891.7423
47 4 134.877507
48 4 1318.64398
49 4 114.657142
50 4 -8978.34157
51 4 -315.05079
52 4 -6619.62861
53 4 -102.726217
54 4 612.783322
55 4 -15.9559709
56 4 8992.40322
57 4 -935.587386
58 4 6698.14688
59 4 67.0360991
60 4 535.686122
61 4 -910.995094
62 4 21637.5384
63 4 3769.31888
64 4 16034.1479
65 4 399.927491
66 4 1309.74678
67 4 -281.910466
68 4 12061.8803
69 4 1523.01908
70 4 9030.85039
71 4 119.578457
72 4 585.097818
73 4 -373.395091
74 4 25013.2411
75 4 0.273291334
76 4 26549.7232
77 4 100.339166
78 4 1957.45159
79 4 -1014.00386
80 4 12529.9921
81 4 -979.916189
82 4 9164.28245
83 4 844.169155
84 4 1339.91812
1 5 -205962138
2 5 -479029.147
3 5 46603539.3
4 5 161269248
5 5 2.90656164e+10
6 5 965687077
7 5 -11753.4679
8 5 317.989923
9 5 -986.091247
10 5 151.178008
11 5 8695.80335
12 5 963.452963
13 5 -21016.7009
14 5 470.292191
15 5 -1559.03274
16 5 255.152284
17 5 23049.2298
18 5 4465.61621
19 5 -13026.8184
20 5 142.045514
21 5 -1737.87766
22 5 66.3926338
23 5 9782.22027
24 5 237.65188
25 5 -18683.3354
26 5 547.814739
27 5 -1396.10187
28 5 270.012579
29 5 13479.0769
30 5 885.985646
31 5 -14610.8458
32 5 344.115827
33 5 -1100.18769
34 5 139.507987
35 5 10374.7547
36 5 604.02766
37 5 -1735571.55
38 5 151687.098
39 5 265769.735
40 5 2389026
41 5 26024691.2
42 5 576025.153
43 5 -16270.8221
44 5 365.572368
45 5 -1713.59122
46 5 153.537926
47 5 12244.0268
48 5 891.678398
49 5 9180.75451
50 5 -9.88643884
51 5 -843.25963
52 5 -25.1862333
53 5 -6882.94852
54 5 -219.634442
55 5 -9475.66989
56 5 -177.297679
57 5 -747.105732
58 5 -74.0801262
59 5 7042.85758
60 5 -736.860291
61 5 -21889.5777
62 5 318.789103
63 5 -1550.70012
64 5 -8.08355246
65 5 15729.1466
66 5 2909.00081
67 5 -11990.8452
68 5 116.984386
69 5 -686.372716
70 5 8.8741903
71 5 8786.30933
72 5 1175.95887
73 5 -26505.6922
74 5 287.999727
75 5 -1976.4032
76 5 64.4456838
77 5 27639.6926
78 5 -992.250742
79 5 -12711.415
80 5 -1135.37175
81 5 -1841.94295
82 5 -744.682539
83 5 9522.09852
84 5 -734.816753
1 6 -1188244.76
2 6 -50065373.6
3 6 -38741.7091
4 6 -8.73355709e+09
5 6 965687077
6 6 4.03124085e+09
7 6 3102.23988
8 6 -563.395415
9 6 211.120558
10 6 -377.455281
11 6 -2277.06908
12 6 -424.77584
13 6 2491.1842
14 6 -822.390151
15 6 169.064026
16 6 -550.597575
17 6 -781.21621
18 6 -375.833562
19 6 3356.25851
20 6 -1172.42562
21 6 427.266428
22 6 -827.387492
23 6 -2515.59825
24 6 -277.629638
25 6 3210.38173
26 6 -749.150277
27 6 205.798629
28 6 -496.288744
29 6 -2314.06665
30 6 -610.832755
31 6 1780.95622
32 6 -573.714118
33 6 108.779632
34 6 -369.766711
35 6 -1245.62578
36 6 -520.059237
37 6 -129778.07
38 6 173696.379
39 6 27438.682
40 6 2596062.75
41 6 2050892.01
42 6 -333991.317
43 6 3751.26373
44 6 -1079.91747
45 6 332.09798
46 6 -740.129147
47 6 -2766.6707
48 6 -507.32593
49 6 -2412.70286
50 6 816.436296
51 6 250.957224
52 6 592.692412
53 6 1812.73194
54 6 -62.920029
55 6 2497.28511
56 6 -157.531881
57 6 217.960905
58 6 -129.746028
59 6 -1859.68658
60 6 164.171109
61 6 4481.35504
62 6 -593.524483
63 6 216.868358
64 6 -350.145229
65 6 -3014.43468
66 6 -1152.75322
67 6 1928.65557
68 6 -160.097105
69 6 92.4143418
70 6 -80.8140031
71 6 -1273.51135
72 6 -563.037229
73 6 459.940827
74 6 -828.249331
75 6 23.8304285
76 6 -561.378446
77 6 825.049204
78 6 -839.582637
79 6 3447.87012
80 6 -886.281435
81 6 579.141508
82 6 -653.561818
83 6 -2594.33559
84 6 3.53743152
1 7 16934.2362
2 7 -337.466841
3 7 -581.074522
4 7 -122.518248
5 7 -11753.4679
6 7 3102.23988
7 7 1.33768751e+09
8 7 -479120.135
9 7 5613595.54
10 7 153696.774
11 7 -168188472
12 7 -4955349.53
13 7 -68089.6067
14 7 514.686196
15 7 -1416.55885
16 7 145.15618
17 7 48713.9429
18 7 9726.02991
19 7 -66752.8092
20 7 703.889038
21 7 -3308.15578
22 7 435.988049
23 7 51202.5085
24 7 2997.96619
25 7 -72274.152
26 7 1595.79145
27 7 -4599.77788
28 7 -908.656583
29 7 156713.903
30 7 -10293.2788
31 7 -51517.8587
32 7 636.158894
33 7 -2620.64502
34 7 183.018716
35 7 37883.9731
36 7 8413.42969
37 7 -369861.541
38 7 -5906.96083
39 7 -18963.2411
40 7 -97621.8451
41 7 4147879.38
42 7 303486.181
43 7 -127968.825
44 7 721.452419
45 7 -3779.10318
46 7 111.411119
47 7 117589.945
48 7 10349.5486
49 7 48375.0175
50 7 -39.4211951
51 7 130.618378
52 7 -84.6992027
53 7 -36444.2226
54 7 236.021719
55 7 -46898.7632
56 7 -1618.83684
57 7 5066.7061
58 7 -2605.89462
59 7 44205.0241
60 7 -4320.12476
61 7 -38379.0718
62 7 315.311447
63 7 -1375.63337
64 7 -41.5063352
65 7 26712.2929
66 7 6967.30214
67 7 -20149.6784
68 7 251.666578
69 7 -1154.52724
70 7 -38.0094184
71 7 14062.383
72 7 3626.37088
73 7 -27337.712
74 7 944.876359
75 7 -2318.14938
76 7 216.612545
77 7 19013.8305
78 7 5180.31462
79 7 -42316.5977
80 7 -3238.70752
81 7 -2586.17579
82 7 -2329.54073
83 7 31767.1274
84 7 -1510.54403
1 8 -631.754835
2 8 15684.7666
3 8 -3896.40298
4 8 11415.7843
5 8 317.989923
6 8 -563.395415
7 8 -479120.135
8 8 1.33564947e+09
9 8 12923980.6
10 8 165704859
11 8 -154431.592
12 8 5354032.57
13 8 1073.93076
14 8 -65894.0088
15 8 -12317.7332
16 8 -48544.5702
17 8 -509.992249
18 8 -1409.81876
19 8 868.145536
20 8 -67479.3698
21 8 -3115.16841
22 8 -51005.1569
23 8 -669.77978
24 8 -3177.48111
25 8 1569.37525
26 8 -69046.9313
27 8 -7628.9904
28 8 -145400.398
29 8 935.780862
30 8 -7972.00382
31 8 1560.65293
32 8 -48371.4397
33 8 -9927.68947
34 8 -36733.7036
35 8 -846.235825
36 8 -2542.80026
37 8 1358.06714
38 8 -375334.943
39 8 -25070.3191
40 8 -4235834.12
41 8 2160.20243
42 8 -219082.813
43 8 -319.051801
44 8 -126420.643
45 8 -9508.24558
46 8 -117428.697
47 8 478.006745
48 8 -3993.74492
49 8 -371.95006
50 8 48253.43
51 8 62.8354308
52 8 35751.3506
53 8 333.691869
54 8 19.7783371
55 8 1152.254
56 8 -50279.6694
57 8 5099.18598
58 8 -47383.6942
59 8 -109.234678
60 8 7888.7825
61 8 1485.54863
62 8 -37857.4874
63 8 -9253.46392
64 8 -27583.0933
65 8 -747.800197
66 8 -1324.50972
67 8 1189.53943
68 8 -20109.3312
69 8 -4813.29752
70 8 -14618.4458
71 8 -594.279376
72 8 -1116.7629
73 8 1815.2071
74 8 -24796.0477
75 8 -6365.15544
76 8 -18157.2501
77 8 -826.252774
78 8 -1998.63102
79 8 3806.43203
80 8 -42418.2939
81 8 2289.58206
82 8 -31271.8348
83 8 -2928.58365
84 8 -2000.80514
1 9 1409.64011
2 9 1499.44835
3 9 -712.770644
4 9 1152.14964
5 9 -986.091247
6 9 211.120558
7 9 5613595.54
8 9 12923980.6
9 9 1.15884499e+09
10 9 4524488.17
11 9 -5182823.61
12 9 734.817555
13 9 -1308.07515
14 9 -6652.73297
15 9 -3068.22999
16 9 -4969.05623
17 9 979.786053
18 9 64.5298989
19 9 -3125.81177
20 9 -8539.43525
21 9 -1999.65141
22 9 -6467.45337
23 9 2707.9053
24 9 -188.654555
25 9 -4739.7169
26 9 -4494.26346
27 9 -2879.35608
28 9 15592.1875
29 9 7807.42833
30 9 272.341167
31 9 -2542.7804
32 9 -5592.85516
33 9 -2318.88995
34 9 -4367.44338
35 9 2170.84459
36 9 197.422758
37 9 -18986.4844
38 9 55294.6345
39 9 2643.4447
40 9 829558.811
41 9 221161.81
42 9 59543.513
43 9 -3751.69439
44 9 -5541.40928
45 9 -4482.70749
46 9 993.111466
47 9 3810.70485
48 9 441.051922
49 9 1953.44979
50 9 6866.64427
51 9 -849.809112
52 9 5090.92723
53 9 -1444.85878
54 9 15.0789506
55 9 5794.59179
56 9 -7386.20729
57 9 -1278.0482
58 9 -6661.05254
59 9 -7472.19188
60 9 2269.75174
61 9 -1092.50687
62 9 -3838.63859
63 9 -1783.54972
64 9 -2907.35671
65 9 792.759084
66 9 88.9248024
67 9 -1002.15503
68 9 -2021.87091
69 9 -958.870747
70 9 -1540.69821
71 9 728.892586
72 9 88.0538357
73 9 -2241.44011
74 9 -2790.54289
75 9 -1186.68611
76 9 -2131.35522
77 9 1617.53471
78 9 236.271937
79 9 -1829.6241
80 9 -6032.62905
81 9 -559.866558
82 9 -4420.68907
83 9 1368.87113
84 9 -356.256635
1 10 -339.244823
2 10 11458.1487
3 10 -2873.57436
4 10 8349.07075
5 10 151.178008
6 10 -377.455281
7 10 153696.774
8 10 165704859
9 10 4524488.17
10 10 1.52770341e+09
11 10 339675.277
12 10 16130870.1
13 10 616.458637
14 10 -48579.1152
15 10 -9211.74531
16 10 -35850.2124
17 10 -273.256506
18 10 -941.477784
19 10 487.578996
20 10 -50983.693
21 10 -2546.29933
22 10 -39458.15
23 10 -390.423353
24 10 -2831.30627
25 10 -772.494948
26 10 -163899.487
27 10 12112.7637
28 10 -1169561.6
29 10 8319.20859
30 10 -50458.3154
31 10 1072.43687
32 10 -36992.115
33 10 -7629.08009
34 10 -28908.5384
35 10 -537.894246
36 10 -2314.69718
37 10 47077.7072
38 10 -3540135
39 10 -260445.78
40 10 -46316125.5
41 10 -441797.9
42 10 -2434077.02
43 10 -40.0211205
44 10 -114010.967
45 10 -9730.99151
46 10 -137767.004
47 10 -15.7407785
48 10 -4951.4518
49 10 -114.349227
50 10 35676.056
51 10 -46.6691148
52 10 26445.1594
53 10 126.564777
54 10 54.122338
55 10 2371.45455
56 10 -46858.4235
57 10 4892.41952
58 10 -47939.9828
59 10 -1494.63585
60 10 10227.0206
61 10 956.137208
62 10 -27807.1226
63 10 -6866.01494
64 10 -20288.6525
65 10 -464.247249
66 10 -921.458427
67 10 759.330453
68 10 -14747.7833
69 10 -3570.52768
70 10 -10733.1892
71 10 -363.114871
72 10 -775.38796
73 10 1116.9455
74 10 -18220.9178
75 10 -4720.06944
76 10 -13363.9987
77 10 -459.765979
78 10 -1412.98355
79 10 2585.404
80 10 -31339.3575
81 10 1601.62647
82 10 -23112.8331
83 10 -1991.49229
84 10 -1447.11025
1 11 -12520.1673
2 11 142.2138
3 11 461.383345
4 11 12.508644
5 11 8695.80335
6 11 -2277.06908
7 11 -168188472
8 11 -154431.592
9 11 -5182823.61
10 11 339675.277
11 11 1.52935454e+09
12 11 -46705357.2
13 11 49979.2563
14 11 -241.324167
15 11 1066.39739
16 11 -22.2585437
17 11 -35776.1891
18 11 -7077.23376
19 11 50442.3726
20 11 -264.408746
21 11 2812.1917
22 11 -74.0102232
23 11 -39645.0022
24 11 -2303.56929
25 11 175690.404
26 11 777.799341
27 11 8245.01737
28 11 8505.03582
29 11 -1238525.65
30 11 185940.15
31 11 39295.9244
32 11 -409.306604
33 11 2291.52623
34 11 -58.8020263
35 11 -29794.3925
36 11 -6494.88349
37 11 3353368.59
38 11 29720.0829
39 11 175580.026
40 11 562973.34
41 11 -43720345.7
42 11 -3242000.2
43 11 113283.833
44 11 -581.346876
45 11 3556.11842
46 11 -97.0344794
47 11 -132694.895
48 11 -13540.3117
49 11 -35665.7205
50 11 -129.660713
51 11 -86.3710403
52 11 -53.8558674
53 11 26869.8303
54 11 -106.013678
55 11 43706.683
56 11 299.073136
57 11 -6606.60097
58 11 1458.37948
59 11 -45812.7891
60 11 5562.90269
61 11 28319.1333
62 11 -118.940678
63 11 1038.32347
64 11 108.663675
65 11 -19722.7588
66 11 -5107.89014
67 11 14891.3161
68 11 -90.0715359
69 11 877.695389
70 11 95.0054028
71 11 -10397.9262
72 11 -2659.4364
73 11 20123.8498
74 11 -503.042311
75 11 1765.41488
76 11 -18.4261559
77 11 -14013.9934
78 11 -3791.14502
79 11 31228.6632
80 11 2630.76912
81 11 1899.36467
82 11 1890.90014
83 11 -23440.9392
84 11 1180.61477
1 12 -1447.17776
2 12 1036.39332
3 12 -203.841895
4 12 738.383764
5 12 963.452963
6 12 -424.77584
7 12 -4955349.53
8 12 5354032.57
9 12 734.817555
10 12 16130870.1
11 12 -46705357.2
12 12 1.16775512e+09
13 12 5934.55106
14 12 -1273.27644
15 12 -69.357633
16 12 -843.047825
17 12 -3968.32923
18 12 -1842.27672
19 12 6876.40242
20 12 -3058.23619
21 12 195.817888
22 12 -2730.1719
23 12 -5324.80678
24 12 -1481.8138
25 12 -20722.3558
26 12 -9199.21237
27 12 -326.710136
28 12 -54423.0312
29 12 239684.743
30 12 -42272.9972
31 12 5284.2151
32 12 -2433.54954
33 12 -184.378954
34 12 -2213.84541
35 12 -3830.46725
36 12 -1685.29021
37 12 -655065.841
38 12 -195219.924
39 12 -48550.6743
40 12 -2596351.33
41 12 8731785.49
42 12 518357.932
43 12 804.396824
44 12 -3948.58839
45 12 -398.404691
46 12 -5300.9644
47 12 10185.072
48 12 -1163.70512
49 12 -5273.22224
50 12 1510.79384
51 12 -12.6355797
52 12 1106.86299
53 12 3973.62366
54 12 -499.154723
55 12 6112.15624
56 12 8639.08124
57 12 -2255.99585
58 12 11263.6926
59 12 -6893.17216
60 12 -2857.90825
61 12 3437.74664
62 12 -1005.68251
63 12 -103.854465
64 12 -678.043206
65 12 -2266.92238
66 12 -1052.34786
67 12 1826.34848
68 12 -916.922606
69 12 -100.360223
70 12 -621.88631
71 12 -1207.81076
72 12 -572.922306
73 12 2614.58818
74 12 -1770.18829
75 12 -216.263993
76 12 -1236.63968
77 12 -1762.36426
78 12 -715.444829
79 12 4529.95469
80 12 -1493.54327
81 12 362.19747
82 12 -1064.11633
83 12 -3421.85812
84 12 -325.898681
1 13 24549.6691
2 13 -1294.98709
3 13 -736.913809
4 13 -815.278551
5 13 -21016.7009
6 13 2491.1842
7 13 -68089.6067
8 13 1073.93076
9 13 -1308.07515
10 13 616.458637
11 13 49979.2563
12 13 5934.55106
13 13 1.40750268e+09
14 13 -2107803
15 13 11074076.9
16 13 -748527.804
17 13 -188117516
18 13 -15849147.7
19 13 -77999.1003
20 13 2071.10313
21 13 -4682.43495
22 13 1512.77178
23 13 57923.6427
24 13 1923.48668
25 13 -55356.5632
26 13 997.287602
27 13 -1466.43386
28 13 616.292742
29 13 40361.776
30 13 6968.78821
31 13 -62281.8047
32 13 631.625757
33 13 -1761.15052
34 13 244.904596
35 13 44226.7564
36 13 10031.1207
37 13 -67141.5071
38 13 1938.60558
39 13 -3768.21224
40 13 1368.66231
41 13 50237.7139
42 13 855.80109
43 13 -116917.081
44 13 1928.27414
45 13 -3331.60269
46 13 1337.11678
47 13 84967.0746
48 13 1774.99429
49 13 48877.2928
50 13 -1638.07689
51 13 -881.416155
52 13 -1178.84528
53 13 -36669.0821
54 13 -105.893298
55 13 -29658.7848
56 13 -199.899999
57 13 -573.139732
58 13 -143.569372
59 13 22129.6472
60 13 -1499.84643
61 13 -119114.523
62 13 -314.597571
63 13 -5818.71994
64 13 -517.292727
65 13 86843.2808
66 13 5828.66705
67 13 -85495.8376
68 13 -51.8856077
69 13 -4339.99956
70 13 -292.118576
71 13 62763.2087
72 13 2074.8947
73 13 -31610.3488
74 13 865.747316
75 13 -1703.08095
76 13 438.887967
77 13 26149.2396
78 13 3635.4437
79 13 -48893.0466
80 13 -2810.31863
81 13 -2494.80581
82 13 -2050.38006
83 13 36659.9389
84 13 -1364.22924
1 14 -805.045502
2 14 24285.5641
3 14 -3506.92595
4 14 22155.6258
5 14 470.292191
6 14 -822.390151
7 14 514.686196
8 14 -65894.0088
9 14 -6652.73297
10 14 -48579.1152
11 14 -241.324167
12 14 -1273.27644
13 14 -2107803
14 14 1.3956675e+09
15 14 18531290.7
16 14 182732478
17 14 756776.031
18 14 9306206.25
19 14 279.331133
20 14 -76023.0205
21 14 -1415.43794
22 14 -55921.8268
23 14 -255.458805
24 14 -3791.39439
25 14 412.616644
26 14 -52443.4235
27 14 -8190.6074
28 14 -39010.3383
29 14 -175.31053
30 14 -1301.3123
31 14 1116.79473
32 14 -57099.8469
33 14 -11805.5131
34 14 -42057.9108
35 14 -599.540152
36 14 -1568.04781
37 14 494.963321
38 14 -66984.6943
39 14 -154.670976
40 14 -49314.0872
41 14 -362.25946
42 14 -3025.30647
43 14 -394.1993
44 14 -108388.656
45 14 -1150.01869
46 14 -79984.9467
47 14 334.722053
48 14 -2788.50859
49 14 -739.239221
50 14 48551.2284
51 14 712.398404
52 14 35968.0149
53 14 525.544329
54 14 -683.148206
55 14 749.345289
56 14 -29892.1145
57 14 2310.59903
58 14 -22162.2167
59 14 -570.326983
60 14 -406.048323
61 14 1606.25857
62 14 -114473.673
63 14 -6704.76229
64 14 -84279.2529
65 14 -881.694246
66 14 -5147.12305
67 14 1395.3668
68 14 -82999.3056
69 14 -2302.67784
70 14 -61217.286
71 14 -765.654263
72 14 -3961.9655
73 14 1174.44823
74 14 -29914.2915
75 14 -4783.44664
76 14 -26625.9673
77 14 -669.362733
78 14 -1789.16986
79 14 4213.68266
80 14 -49150.1215
81 14 2507.39936
82 14 -36160.2384
83 14 -3213.8816
84 14 -1921.19349
1 15 2020.03106
2 15 4071.61339
3 15 -1042.29805
4 15 3969.47527
5 15 -1559.03274
6 15 169.064026
7 15 -1416.55885
8 15 -12317.7332
9 15 -3068.22999
10 15 -9211.74531
11 15 1066.39739
12 15 -69.357633
13 15 11074076.9
14 15 18531290.7
15 15 1.16442782e+09
16 15 14136001.1
17 15 -8545023.95
18 15 -8248.22698
19 15 -4599.67714
20 15 -14129.2862
21 15 -2522.76212
22 15 -10449.6374
23 15 3444.2687
24 15 -576.338556
25 15 -1589.21873
26 15 -10486.6302
27 15 -3035.21663
28 15 -7931.9961
29 15 1209.89398
30 15 -59.0649149
31 15 -1647.5408
32 15 -11634.7797
33 15 -3827.98783
34 15 -8747.32609
35 15 1225.43075
36 15 -11.4021098
37 15 -3472.41832
38 15 -13302.0373
39 15 -1644.04072
40 15 -9818.0168
41 15 2611.92194
42 15 -540.955182
43 15 -3455.1184
44 15 -10954.6856
45 15 -4870.00595
46 15 -8200.50857
47 15 2593.75382
48 15 -222.343635
49 15 2920.63841
50 15 10409.4215
51 15 -792.081891
52 15 7712.56368
53 15 -2174.58894
54 15 -151.261705
55 15 -138.169682
56 15 -6863.32111
57 15 36.5554761
58 15 -5069.67544
59 15 99.1698457
60 15 -106.005874
61 15 -5161.52246
62 15 -7.6199097
63 15 -5061.63684
64 15 -66.5778046
65 15 3981.94045
66 15 257.6337
67 15 -3938.91419
68 15 2308.47976
69 15 -3486.74797
70 15 1683.56784
71 15 3051.39415
72 15 200.655135
73 15 -1506.47413
74 15 -5363.8931
75 15 -1408.01139
76 15 -4977.8799
77 15 1240.4031
78 15 -89.7114404
79 15 -1278.43955
80 15 -11259.2653
81 15 -555.796384
82 15 -8255.30173
83 15 951.656525
84 15 -485.682551
1 16 -371.747914
2 16 24128.3489
3 16 -1810.57084
4 16 25959.1587
5 16 255.152284
6 16 -550.597575
7 16 145.15618
8 16 -48544.5702
9 16 -4969.05623
10 16 -35850.2124
11 16 -22.2585437
12 16 -843.047825
13 16 -748527.804
14 16 182732478
15 16 14136001.1
16 16 1.28913535e+09
17 16 -506.996363
18 16 6737105
19 16 -349.448816
20 16 -55710.7684
21 16 -1237.50851
22 16 -41008.5889
23 16 229.057247
24 16 -2678.27511
25 16 90.3847569
26 16 -39133.1408
27 16 -5984.48829
28 16 -29589.5721
29 16 30.9665223
30 16 -982.680587
31 16 618.673645
32 16 -42114.9873
33 16 -8781.11702
34 16 -31060.5925
35 16 -300.434748
36 16 -1111.91228
37 16 -155.358412
38 16 -49105.4385
39 16 -294.936088
40 16 -36176.9998
41 16 122.277892
42 16 -2140.6758
43 16 -583.148149
44 16 -79838.5303
45 16 -961.072406
46 16 -58960.0776
47 16 465.048881
48 16 -1947.82742
49 16 -36.149351
50 16 35617.0336
51 16 407.196498
52 16 26394.616
53 16 8.23475496
54 16 -466.471974
55 16 488.659398
56 16 -22027.3468
57 16 1639.27175
58 16 -16331.326
59 16 -373.281689
60 16 -297.152051
61 16 1186.58143
62 16 -84370.4039
63 16 -4993.3806
64 16 -62456.4254
65 16 -679.843636
66 16 -3809.04889
67 16 979.760536
68 16 -61253.1762
69 16 -1718.49911
70 16 -45497.5776
71 16 -555.848564
72 16 -2950.81472
73 16 650.288728
74 16 -28623.8381
75 16 -2723.1051
76 16 -29653.8098
77 16 -407.072609
78 16 -1799.25317
79 16 2736.45424
80 16 -35990.82
81 16 1669.6292
82 16 -26484.4754
83 16 -2090.31561
84 16 -1381.33197
1 17 -22971.9576
2 17 681.310567
3 17 620.377618
4 17 417.354347
5 17 23049.2298
6 17 -781.21621
7 17 48713.9429
8 17 -509.992249
9 17 979.786053
10 17 -273.256506
11 17 -35776.1891
12 17 -3968.32923
13 17 -188117516
14 17 756776.031
15 17 -8545023.95
16 17 -506.996363
17 17 1.29066065e+09
18 17 11338023.5
19 17 55677.0062
20 17 -886.28004
21 17 3412.35851
22 17 -661.534404
23 17 -41350.4882
24 17 -1134.24963
25 17 39904.8251
26 17 -535.338459
27 17 1141.20748
28 17 -322.43932
29 17 -29477.0567
30 17 -4609.01931
31 17 44320.8081
32 17 -269.443493
33 17 1343.10623
34 17 -45.0085784
35 17 -31505.2421
36 17 -6937.03705
37 17 47989.9953
38 17 -821.171824
39 17 2712.62544
40 17 -579.484584
41 17 -35906.3524
42 17 -401.753682
43 17 83930.803
44 17 -1079.29948
45 17 2472.13803
46 17 -743.90765
47 17 -61013.2537
48 17 -963.450641
49 17 -34744.7134
50 17 651.880432
51 17 623.177827
52 17 460.434856
53 17 26063.0985
54 17 202.069428
55 17 20970.2618
56 17 212.073011
57 17 397.253425
58 17 151.603577
59 17 -15639.1006
60 17 1132.8372
61 17 87233.4182
62 17 213.772485
63 17 4457.86185
64 17 381.254722
65 17 -63958.454
66 17 -4238.91064
67 17 62789.565
68 17 76.4253675
69 17 3353.47019
70 17 254.968861
71 17 -46423.0216
72 17 -1569.31571
73 17 28052.2335
74 17 -395.365437
75 17 1571.50807
76 17 -180.064627
77 17 -26864.2906
78 17 -1497.41546
79 17 34609.9246
80 17 2372.10113
81 17 1760.39566
82 17 1721.79391
83 17 -25943.7608
84 17 1114.18053
1 18 -4408.08049
2 18 1938.02576
3 18 -161.954465
4 18 1701.00579
5 18 4465.61621
6 18 -375.833562
7 18 9726.02991
8 18 -1409.81876
9 18 64.5298989
10 18 -941.477784
11 18 -7077.23376
12 18 -1842.27672
13 18 -15849147.7
14 18 9306206.25
15 18 -8248.22698
16 18 6737105
17 18 11338023.5
18 18 1.15863234e+09
19 18 10772.2516
20 18 -3919.93657
21 18 583.415972
22 18 -2776.32664
23 18 -8068.7452
24 18 -1508.78471
25 18 8618.30916
26 18 -1451.3615
27 18 53.4333485
28 18 -1071.52703
29 18 -6265.58164
30 18 -1779.06213
31 18 9836.88739
32 18 -1527.02083
33 18 -2.12504752
34 18 -1052.3786
35 18 -6862.85156
36 18 -2295.37872
37 18 9964.23801
38 18 -3037.35124
39 18 543.921437
40 18 -2152.23792
41 18 -7467.94156
42 18 -997.586849
43 18 8679.53364
44 18 -2941.36613
45 18 228.083869
46 18 -2065.07182
47 18 -6497.8259
48 18 -2910.81681
49 18 -7731.46932
50 18 2412.58342
51 18 164.468978
52 18 1771.42177
53 18 5817.66481
54 18 -484.441597
55 18 4881.25983
56 18 -194.272521
57 18 109.980276
58 18 -136.760508
59 18 -3668.68805
60 18 -11.6349539
61 18 1178.95158
62 18 -4650.78996
63 18 -250.713651
64 18 -3414.99435
65 18 -427.256626
66 18 -3211.10198
67 18 -1128.17028
68 18 -3645.26827
69 18 -193.800786
70 18 -2691.76304
71 18 1073.3748
72 18 -2254.97132
73 18 5469.27738
74 18 -1631.62688
75 18 95.3948201
76 18 -1476.19877
77 18 -5260.25243
78 18 -606.90352
79 18 8188.33258
80 18 -1230.88408
81 18 491.330451
82 18 -863.438281
83 18 -6168.35204
84 18 -364.741322
1 19 18790.9106
2 19 -779.102048
3 19 -1372.50877
4 19 -277.615073
5 19 -13026.8184
6 19 3356.25851
7 19 -66752.8092
8 19 868.145536
9 19 -3125.81177
10 19 487.578996
11 19 50442.3726
12 19 6876.40242
13 19 -77999.1003
14 19 279.331133
15 19 -4599.67714
16 19 -349.448816
17 19 55677.0062
18 19 10772.2516
19 19 1.32351215e+09
20 19 -282298.331
21 19 13618428.4
22 19 -143100.275
23 19 -133112221
24 19 -3573165.82
25 19 -64838.1125
26 19 1412.74677
27 19 -4484.19989
28 19 1077.31702
29 19 89922.226
30 19 -5330.0662
31 19 -45234.9807
32 19 1065.03995
33 19 -3342.85182
34 19 361.659685
35 19 33088.9473
36 19 7325.52319
37 19 -84666.5369
38 19 870.77006
39 19 -5497.78274
40 19 478.613078
41 19 63422.1837
42 19 1859.17506
43 19 -92804.2878
44 19 753.840008
45 19 -6385.71606
46 19 229.761248
47 19 68439.8239
48 19 7248.40856
49 19 79016.5047
50 19 -360.556256
51 19 -1467.46896
52 19 -231.223682
53 19 -59195.9968
54 19 -442.263628
55 19 -55184.0302
56 19 -984.373288
57 19 -2545.74087
58 19 -599.863146
59 19 41034.7334
60 19 -3108.26018
61 19 -51896.1483
62 19 -815.932512
63 19 -3501.69104
64 19 -925.071471
65 19 36867.402
66 19 7151.77135
67 19 -32502.2363
68 19 -640.991725
69 19 -2486.81902
70 19 -679.698657
71 19 23213.6677
72 19 3954.88257
73 19 -19936.5059
74 19 743.065967
75 19 -1964.72105
76 19 152.343072
77 19 13939.8384
78 19 3551.64268
79 19 -61436.6362
80 19 -4754.73896
81 19 -5885.15549
82 19 -3351.13403
83 19 46003.8756
84 19 -2279.04913
1 20 -610.156424
2 20 17829.3571
3 20 -4414.66066
4 20 12962.8771
5 20 142.045514
6 20 -1172.42562
7 20 703.889038
8 20 -67479.3698
9 20 -8539.43525
10 20 -50983.693
11 20 -264.408746
12 20 -3058.23619
13 20 2071.10313
14 20 -76023.0205
15 20 -14129.2862
16 20 -55710.7684
17 20 -886.28004
18 20 -3919.93657
19 20 -282298.331
20 20 1.32665295e+09
21 20 4437019.32
22 20 133546197
23 20 144677.321
24 20 11144100.1
25 20 633.310727
26 20 -64892.0456
27 20 -5401.23615
28 20 -93726.2363
29 20 476.456373
30 20 -6436.41399
31 20 1380.19982
32 20 -43505.995
33 20 -9075.34711
34 20 -32835.1691
35 20 -512.557464
36 20 -3035.31901
37 20 823.224539
38 20 -87268.6262
39 20 -2124.67567
40 20 -64154.3733
41 20 -459.621514
42 20 -4501.45614
43 20 487.827716
44 20 -93465.828
45 20 -9390.22218
46 20 -68666.0074
47 20 -1.25486196
48 20 -5346.11655
49 20 -740.602553
50 20 81007.4492
51 20 796.402152
52 20 59827.5914
53 20 523.607088
54 20 -1230.00574
55 20 1115.04437
56 20 -55913.4814
57 20 4283.71817
58 20 -41366.3989
59 20 -966.683553
60 20 -1942.51237
61 20 1442.79872
62 20 -51933.9404
63 20 -9829.91611
64 20 -37820.3616
65 20 -641.980877
66 20 -2953.61174
67 20 919.662714
68 20 -32591.6307
69 20 -5517.54616
70 20 -23730.4422
71 20 -397.667153
72 20 -2109.17053
73 20 1069.76115
74 20 -18735.6198
75 20 -4534.29709
76 20 -13688.4207
77 20 -372.908772
78 20 -1646.17726
79 20 5228.95558
80 20 -64533.2363
81 20 3335.12608
82 20 -47180.9679
83 20 -4073.6091
84 20 -4773.01433
1 21 2503.17003
2 21 216.93112
3 21 -468.564542
4 21 232.137736
5 21 -1737.87766
6 21 427.266428
7 21 -3308.15578
8 21 -3115.16841
9 21 -1999.65141
10 21 -2546.29933
11 21 2812.1917
12 21 195.817888
13 21 -4682.43495
14 21 -1415.43794
15 21 -2522.76212
16 21 -1237.50851
17 21 3412.35851
18 21 583.415972
19 21 13618428.4
20 21 4437019.32
21 21 1.15643209e+09
22 21 3537203.03
23 21 -10612863.6
24 21 -1577.04658
25 21 -4764.22622
26 21 -2388.57989
27 21 -1591.38865
28 21 -3341.47371
29 21 5726.75869
30 21 -320.348965
31 21 -3562.78594
32 21 -1715.2515
33 21 -1428.45663
34 21 -1483.10402
35 21 2798.05906
36 21 461.530583
37 21 -5273.4765
38 21 -4628.457
39 21 -2263.29893
40 21 -3444.7287
41 21 3985.08894
42 21 -119.649853
43 21 -6467.69126
44 21 -2162.35758
45 21 -3087.57339
46 21 -1767.07239
47 21 4851.22934
48 21 383.063249
49 21 5072.16746
50 21 4177.84392
51 21 -1787.63845
52 21 3081.6249
53 21 -3768.13735
54 21 -89.0849075
55 21 -2051.22876
56 21 -3453.03745
57 21 -776.328519
58 21 -2517.29035
59 21 1521.24851
60 21 -237.056141
61 21 -3245.85178
62 21 1794.0531
63 21 -1440.21773
64 21 1158.10235
65 21 2368.04613
66 21 549.82187
67 21 -2342.76296
68 21 1665.66258
69 21 -916.204663
70 21 1131.50822
71 21 1710.86018
72 21 390.428148
73 21 -2083.5767
74 21 -301.699894
75 21 -510.985156
76 21 -301.541783
77 21 1471.88216
78 21 344.335535
79 21 -5351.67196
80 21 -4157.59864
81 21 -1614.21681
82 21 -2989.76978
83 21 4014.78491
84 21 -477.122484
1 22 -385.001046
2 22 13046.0808
3 22 -3237.18434
4 22 9490.69977
5 22 66.3926338
6 22 -827.387492
7 22 435.988049
8 22 -51005.1569
9 22 -6467.45337
10 22 -39458.15
11 22 -74.0102232
12 22 -2730.1719
13 22 1512.77178
14 22 -55921.8268
15 22 -10449.6374
16 22 -41008.5889
17 22 -661.534404
18 22 -2776.32664
19 22 -143100.275
20 22 133546197
21 22 3537203.03
22 22 1.26751512e+09
23 22 -872.847349
24 22 9108769.18
25 22 -1261.96898
26 22 -105552.655
27 22 9078.25248
28 22 -305281.846
29 22 3832.89942
30 22 -18605.3347
31 22 967.601856
32 22 -33097.0543
33 22 -6898.95256
34 22 -25562.5043
35 22 -297.348048
36 22 -2537.14555
37 22 343.368792
38 22 -64149.0988
39 22 -1636.90389
40 22 -47187.9168
41 22 -144.374951
42 22 -3219.76485
43 22 383.398999
44 22 -68546.5666
45 22 -6955.16153
46 22 -50396.7679
47 22 -24.6472744
48 22 -3785.83947
49 22 -311.270835
50 22 59545.035
51 22 530.693303
52 22 43995.9258
53 22 211.436063
54 22 -843.35695
55 22 720.284719
56 22 -41393.819
57 22 3136.71662
58 22 -30628.6773
59 22 -636.695932
60 22 -1433.49011
61 22 1259.53576
62 22 -38050.651
63 22 -7205.45899
64 22 -27727.4419
65 22 -633.277172
66 22 -2100.09859
67 22 828.571472
68 22 -23848.651
69 22 -4034.64429
70 22 -17376.8123
71 22 -416.487181
72 22 -1488.19602
73 22 731.035023
74 22 -13825.8403
75 22 -3355.66633
76 22 -10108.361
77 22 -238.884075
78 22 -1185.28096
79 22 3595.76791
80 22 -47241.0096
81 22 2370.31253
82 22 -34558.0613
83 22 -2804.07945
84 22 -3419.21783
1 23 -14108.4171
2 23 532.496217
3 23 1047.66853
4 23 170.071068
5 23 9782.22027
6 23 -2515.59825
7 23 51202.5085
8 23 -669.77978
9 23 2707.9053
10 23 -390.423353
11 23 -39645.0022
12 23 -5324.80678
13 23 57923.6427
14 23 -255.458805
15 23 3444.2687
16 23 229.057247
17 23 -41350.4882
18 23 -8068.7452
19 23 -133112221
20 23 144677.321
21 23 -10612863.6
22 23 -872.847349
23 23 1.26880207e+09
24 23 3398787.51
25 23 105255.829
26 23 -652.506624
27 23 6500.81038
28 23 -2314.14909
29 23 -288154.064
30 23 54316.0704
31 23 34833.8475
32 23 -827.131882
33 23 2758.11596
34 23 -288.595399
35 23 -26098.7669
36 23 -5732.29878
37 23 63245.9156
38 23 -370.722218
39 23 4137.16841
40 23 -157.612369
41 23 -47384.3733
42 23 -1322.2986
43 23 69013.3294
44 23 -619.455984
45 23 4802.64907
46 23 -205.269408
47 23 -50918.955
48 23 -5435.90604
49 23 -58975.2654
50 23 23.9660386
51 23 1119.57789
52 23 -5.95611212
53 23 44186.5809
54 23 376.916448
55 23 41121.32
56 23 846.621074
57 23 1895.31477
58 23 528.905548
59 23 -30577.313
60 23 2356.73381
61 23 38461.7811
62 23 330.633911
63 23 2565.56562
64 23 491.036834
65 23 -27306.5775
66 23 -5408.78125
67 23 23975.7382
68 23 259.630229
69 23 1817.6583
70 23 351.2532
71 23 -17110.0471
72 23 -3012.51197
73 23 14946.7664
74 23 -509.31804
75 23 1492.40516
76 23 -78.2337417
77 23 -10452.8033
78 23 -2659.39764
79 23 45926.3573
80 23 3824.8678
81 23 4401.5044
82 23 2698.39149
83 23 -34391.0407
84 23 1765.16539
1 24 -415.293559
2 24 1807.15758
3 24 -416.415137
4 24 1293.78761
5 24 237.65188
6 24 -277.629638
7 24 2997.96619
8 24 -3177.48111
9 24 -188.654555
10 24 -2831.30627
11 24 -2303.56929
12 24 -1481.8138
13 24 1923.48668
14 24 -3791.39439
15 24 -576.338556
16 24 -2678.27511
17 24 -1134.24963
18 24 -1508.78471
19 24 -3573165.82
20 24 11144100.1
21 24 -1577.04658
22 24 9108769.18
23 24 3398787.51
24 24 1.15398934e+09
25 24 4038.08712
26 24 -6735.76786
27 24 519.187805
28 24 -16671.1058
29 24 -9416.34737
30 24 63.540745
31 24 1984.83769
32 24 -3072.92809
33 24 -450.344333
34 24 -2554.6268
35 24 -1433.23199
36 24 -1067.684
37 24 3609.45153
38 24 -4359.577
39 24 128.13408
40 24 -3112.32071
41 24 -2683.49401
42 24 -1331.49825
43 24 2181.99544
44 24 -5347.14671
45 24 -375.649096
46 24 -3795.45211
47 24 -1486.30637
48 24 -1833.47034
49 24 -3100.54821
50 24 3920.95528
51 24 96.8681283
52 24 2877.65302
53 24 2358.6591
54 24 -1044.82519
55 24 2433.30673
56 24 -1606.09607
57 24 239.946678
58 24 -1171.77918
59 24 -1877.08033
60 24 -451.374475
61 24 -700.16158
62 24 -2695.36282
63 24 -545.344464
64 24 -1909.06236
65 24 719.839804
66 24 -882.628596
67 24 -886.808474
68 24 -1973.53814
69 24 -387.982227
70 24 -1387.80364
71 24 769.243344
72 24 -561.370644
73 24 494.969508
74 24 -1552.45467
75 24 -328.307754
76 24 -1106.68525
77 24 -295.157869
78 24 -310.941843
79 24 2948.27606
80 24 -4409.38864
81 24 480.263672
82 24 -3138.13905
83 24 -2258.1909
84 24 -949.783694
1 25 26954.2452
2 25 -425.44536
3 25 -702.056619
4 25 -127.691067
5 25 -18683.3354
6 25 3210.38173
7 25 -72274.152
8 25 1569.37525
9 25 -4739.7169
10 25 -772.494948
11 25 175690.404
12 25 -20722.3558
13 25 -55356.5632
14 25 412.616644
15 25 -1589.21873
16 25 90.3847569
17 25 39904.8251
18 25 8618.30916
19 25 -64838.1125
20 25 633.310727
21 25 -4764.22622
22 25 -1261.96898
23 25 105255.829
24 25 4038.08712
25 25 1.29953876e+09
26 25 -1636690.36
27 25 7201800.81
28 25 -616102.958
29 25 -117843672
30 25 -10866546.2
31 25 -60503.68
32 25 826.362334
33 25 -3032.18258
34 25 211.2195
35 25 43127.9093
36 25 7823.75038
37 25 -61882.3285
38 25 354.643956
39 25 -3857.67059
40 25 -2826.23339
41 25 251872.297
42 25 17184.214
43 25 -65775.8027
44 25 1477.07831
45 25 -4653.45415
46 25 627.77418
47 25 53171.8144
48 25 6100.12069
49 25 37950.8096
50 25 -392.781765
51 25 -1506.33049
52 25 -343.121405
53 25 -28559.4065
54 25 171.40913
55 25 -22494.1476
56 25 -454.398096
57 25 -621.860405
58 25 -278.811272
59 25 16838.6371
60 25 -1127.27723
61 25 -38276.9155
62 25 660.983843
63 25 -2405.75016
64 25 23.2321724
65 25 27236.4486
66 25 5621.7889
67 25 -22748.0794
68 25 466.929795
69 25 -1604.4823
70 25 29.6702841
71 25 16339.2837
72 25 2955.06007
73 25 -31114.6172
74 25 632.875076
75 25 -2311.20723
76 25 83.9544961
77 25 21796.4112
78 25 4006.03818
79 25 -40054.3451
80 25 -3135.1961
81 25 -1840.71507
82 25 -2274.98947
83 25 30445.8511
84 25 -1255.81534
1 26 -1049.18622
2 26 24758.9424
3 26 -3887.12204
4 26 17762.5419
5 26 547.814739
6 26 -749.150277
7 26 1595.79145
8 26 -69046.9313
9 26 -4494.26346
10 26 -163899.487
11 26 777.799341
12 26 -9199.21237
13 26 997.287602
14 26 -52443.4235
15 26 -10486.6302
16 26 -39133.1408
17 26 -535.338459
18 26 -1451.3615
19 26 1412.74677
20 26 -64892.0456
21 26 -2388.57989
22 26 -105552.655
23 26 -652.506624
24 26 -6735.76786
25 26 -1636690.36
26 26 1.2934509e+09
27 26 14387598.4
28 26 114645565
29 26 622900.037
30 26 6765708.24
31 26 1868.49773
32 26 -55504.6389
33 26 -9033.67929
34 26 -40666.4765
35 26 -964.034102
36 26 -2561.52561
37 26 849.473588
38 26 -61679.4562
39 26 -2140.46986
40 26 -257976.836
41 26 -772.230035
42 26 -11575.1731
43 26 1837.56324
44 26 -64273.095
45 26 -6618.72848
46 26 -52210.8921
47 26 -989.187168
48 26 -4169.68551
49 26 -892.188822
50 26 37081.1425
51 26 149.399482
52 26 27479.0578
53 26 725.035365
54 26 -1190.17804
55 26 351.302115
56 26 -21431.46
57 26 1548.6343
58 26 -15949.0292
59 26 -319.465533
60 26 -435.108549
61 26 2451.65203
62 26 -37708.8452
63 26 -7307.28772
64 26 -27815.6617
65 26 -1256.15872
66 26 -2249.20471
67 26 1674.24287
68 26 -22877.2886
69 26 -3821.79033
70 26 -16851.9795
71 26 -854.974737
72 26 -1521.14331
73 26 1677.93477
74 26 -28281.2635
75 26 -4708.72726
76 26 -20528.1869
77 26 -821.53165
78 26 -1973.94358
79 26 3307.65095
80 26 -38640.9673
81 26 1875.25745
82 26 -28963.2493
83 26 -2590.49661
84 26 -1362.91526
1 27 1968.60104
2 27 1222.06281
3 27 -1029.03453
4 27 998.338743
5 27 -1396.10187
6 27 205.798629
7 27 -4599.77788
8 27 -7628.9904
9 27 -2879.35608
10 27 12112.7637
11 27 8245.01737
12 27 -326.710136
13 27 -1466.43386
14 27 -8190.6074
15 27 -3035.21663
16 27 -5984.48829
17 27 1141.20748
18 27 53.4333485
19 27 -4484.19989
20 27 -5401.23615
21 27 -1591.38865
22 27 9078.25248
23 27 6500.81038
24 27 519.187805
25 27 7201800.81
26 27 14387598.4
27 27 1.15744937e+09
28 27 10077535.2
29 27 -6445971.06
30 27 -6797.07981
31 27 -2863.27383
32 27 -6581.01115
33 27 -2936.83391
34 27 -5040.11555
35 27 2142.32434
36 27 91.7917498
37 27 -3532.88746
38 27 -5214.85562
39 27 -965.500714
40 27 29675.16
41 27 11100.3517
42 27 1732.43159
43 27 -4394.87876
44 27 -8980.26468
45 27 -2743.15966
46 27 -5661.1001
47 27 3598.35295
48 27 -78.9748513
49 27 2998.83908
50 27 6861.09117
51 27 -668.123468
52 27 5087.70927
53 27 -2235.81967
54 27 -205.59225
55 27 -332.360123
56 27 -4131.48143
57 27 26.8625285
58 27 -3063.22471
59 27 234.241988
60 27 -105.966369
61 27 -2000.95778
62 27 -3602.99839
63 27 -1901.7479
64 27 -2665.35171
65 27 1480.36924
66 27 114.092396
67 27 -1357.10044
68 27 -1723.72155
69 27 -1201.80928
70 27 -1265.05326
71 27 1002.4656
72 27 74.3613814
73 27 -2115.58283
74 27 -1889.96328
75 27 -1361.32526
76 27 -1500.98414
77 27 1552.31233
78 27 155.372805
79 27 -992.264529
80 27 -7418.02642
81 27 -289.387561
82 27 -5543.80533
83 27 704.295018
84 27 -304.08537
1 28 -567.587747
2 28 17915.1051
3 28 -2869.97831
4 28 12905.2516
5 28 270.012579
6 28 -496.288744
7 28 -908.656583
8 28 -145400.398
9 28 15592.1875
10 28 -1169561.6
11 28 8505.03582
12 28 -54423.0312
13 28 616.292742
14 28 -39010.3383
15 28 -7931.9961
16 28 -29589.5721
17 28 -322.43932
18 28 -1071.52703
19 28 1077.31702
20 28 -93726.2363
21 28 -3341.47371
22 28 -305281.846
23 28 -2314.14909
24 28 -16671.1058
25 28 -616102.958
26 28 114645565
27 28 10077535.2
28 28 1.29878474e+09
29 28 3612.42981
30 28 8729126.19
31 28 1081.30967
32 28 -40800.2999
33 28 -6802.37452
34 28 -29985.5034
35 28 -505.43589
36 28 -1813.25025
37 28 1827.46797
38 28 -192058.841
39 28 -12575.907
40 28 -2139100.38
41 28 -14801.5835
42 28 -88236.7702
43 28 910.457897
44 28 -50964.6801
45 28 -5387.50458
46 28 -48423.1386
47 28 -481.706469
48 28 -3491.32705
49 28 -279.575079
50 28 27275.98
51 28 12.4928268
52 28 20223.4621
53 28 250.327713
54 28 -833.493181
55 28 234.143901
56 28 -15933.8323
57 28 1113.89014
58 28 -11857.7229
59 28 -217.765358
60 28 -327.234091
61 28 1523.72634
62 28 -27481.2554
63 28 -5412.27629
64 28 -20292.6533
65 28 -738.6211
66 28 -1576.89698
67 28 1023.06073
68 28 -16571.0083
69 28 -2827.59052
